#cluster	node_ID	child_1	child_2	IC	IC_child_1	IC_child_2	Sites	Sites_child_1	Sites_child_2
cluster_1	8	2020-03-04t14-27-25z_m76_kernel_206_number_of_sequence_1982	7	5.66	3.25	5.90	45861	1982	43879
cluster_1	7	2020-03-04t14-27-25z_m216_kernel_583_number_of_sequence_5430	6	5.90	4.45	6.02	43879	5430	38449
cluster_1	6	2020-03-04t14-27-25z_m106_kernel_276_number_of_sequence_6377	5	6.02	5.15	6.28	38449	6377	32072
cluster_1	5	2020-03-04t14-27-25z_m21_kernel_62_number_of_sequence_5151	4	6.28	5.68	6.45	32072	5151	26921
cluster_1	4	2020-03-04t14-27-25z_m243_kernel_668_number_of_sequence_5552	3	6.45	6.12	6.58	26921	5552	21369
cluster_1	3	1	2	6.58	6.39	6.91	21369	11540	9829
cluster_1	2	2020-03-04t14-27-25z_m104_kernel_272_number_of_sequence_4521	2020-03-04t14-27-25z_m259_kernel_701_number_of_sequence_5308	6.91	7.16	6.80	9829	4521	5308
cluster_1	1	2020-03-04t14-27-25z_m10_kernel_25_number_of_sequence_5805	2020-03-04t14-27-25z_m16_kernel_52_number_of_sequence_5735	6.39	6.16	6.69	11540	5805	5735
cluster_10	4	2020-03-04t14-27-25z_m206_kernel_547_number_of_sequence_8723	3	5.48	4.92	6.02	40796	8723	32073
cluster_10	3	2020-03-04t14-27-25z_m163_kernel_438_number_of_sequence_7816	2	6.02	6.05	6.44	32073	7816	24257
cluster_10	2	2020-03-04t14-27-25z_m251_kernel_677_number_of_sequence_7850	1	6.44	6.60	5.96	24257	7850	16407
cluster_10	1	2020-03-04t14-27-25z_m137_kernel_349_number_of_sequence_9664	2020-03-04t14-27-25z_m301_kernel_813_number_of_sequence_6743	5.96	6.07	5.97	16407	9664	6743
cluster_11	2	2020-03-04t14-27-25z_m150_kernel_393_number_of_sequence_5820	1	2.73	3.63	2.97	25440	5820	19620
cluster_11	1	2020-03-04t14-27-25z_m69_kernel_182_number_of_sequence_8597	2020-03-04t14-27-25z_m92_kernel_247_number_of_sequence_11023	2.97	3.32	3.54	19620	8597	11023
cluster_13	4	2020-03-04t14-27-25z_m6_kernel_16_number_of_sequence_7625	3	6.52	10.09	6.61	45588	7625	37963
cluster_13	3	1	2	6.61	6.46	7.97	37963	22021	15942
cluster_13	2	2020-03-04t14-27-25z_m246_kernel_671_number_of_sequence_11218	2020-03-04t14-27-25z_m83_kernel_224_number_of_sequence_4724	7.97	8.97	10.22	15942	11218	4724
cluster_13	1	2020-03-04t14-27-25z_m135_kernel_343_number_of_sequence_13197	2020-03-04t14-27-25z_m77_kernel_207_number_of_sequence_8824	6.46	7.48	6.86	22021	13197	8824
cluster_15	3	1	2	2.83	2.50	4.06	42225	18150	24075
cluster_15	1	2020-03-04t14-27-25z_m128_kernel_332_number_of_sequence_10621	2020-03-04t14-27-25z_m30_kernel_79_number_of_sequence_7529	2.50	3.20	2.44	18150	10621	7529
cluster_15	2	2020-03-04t14-27-25z_m257_kernel_696_number_of_sequence_10264	2020-03-04t14-27-25z_m324_kernel_891_number_of_sequence_13811	4.06	4.21	5.25	24075	10264	13811
cluster_16	1	2020-03-04t14-27-25z_m244_kernel_669_number_of_sequence_6602	2020-03-04t14-27-25z_m290_kernel_783_number_of_sequence_11559	3.44	3.58	2.98	18161	6602	11559
cluster_17	5	2020-03-04t14-27-25z_m158_kernel_424_number_of_sequence_7267	4	2.65	2.68	2.66	41590	7267	34323
cluster_17	4	2	3	2.66	2.55	2.52	34323	21855	12468
cluster_17	2	2020-03-04t14-27-25z_m36_kernel_94_number_of_sequence_6969	1	2.55	3.14	2.88	21855	6969	14886
cluster_17	1	2020-03-04t14-27-25z_m27_kernel_71_number_of_sequence_10569	2020-03-04t14-27-25z_m68_kernel_178_number_of_sequence_4317	2.88	3.04	3.90	14886	10569	4317
cluster_17	3	2020-03-04t14-27-25z_m118_kernel_308_number_of_sequence_7500	2020-03-04t14-27-25z_m313_kernel_847_number_of_sequence_4968	2.52	3.45	2.79	12468	7500	4968
cluster_18	1	2020-03-04t14-27-25z_m261_kernel_705_number_of_sequence_7964	2020-03-04t14-27-25z_m49_kernel_139_number_of_sequence_11588	5.26	4.91	5.58	19552	7964	11588
cluster_19	2	2020-03-04t14-27-25z_m303_kernel_823_number_of_sequence_6664	1	2.66	3.21	2.38	22068	6664	15404
cluster_19	1	2020-03-04t14-27-25z_m50_kernel_140_number_of_sequence_6887	2020-03-04t14-27-25z_m51_kernel_147_number_of_sequence_8517	2.38	2.77	2.99	15404	6887	8517
cluster_2	64	60	63	6.67	4.56	6.45	634012	507367	126645
cluster_2	60	2020-03-04t14-27-25z_m187_kernel_496_number_of_sequence_4461	57	4.56	3.11	4.58	507367	4461	502906
cluster_2	57	45	56	4.58	4.29	4.63	502906	19080	483826
cluster_2	56	53	55	4.63	4.51	4.12	483826	151621	332205
cluster_2	55	36	54	4.12	4.38	4.36	332205	83209	248996
cluster_2	54	47	51	4.36	4.62	3.48	248996	144913	104083
cluster_2	51	22	50	3.48	4.44	3.68	104083	22497	81586
cluster_2	50	2020-03-04t14-27-25z_m173_kernel_463_number_of_sequence_9880	49	3.68	3.52	3.89	81586	9880	71706
cluster_2	49	13	43	3.89	4.02	4.09	71706	14025	57681
cluster_2	43	5	40	4.09	5.37	3.53	57681	28907	28774
cluster_2	40	2020-03-04t14-27-25z_m319_kernel_864_number_of_sequence_11093	39	3.53	4.44	3.29	28774	11093	17681
cluster_2	39	2020-03-04t14-27-25z_m124_kernel_320_number_of_sequence_11465	2020-03-04t14-27-25z_m247_kernel_673_number_of_sequence_6216	3.29	3.17	4.04	17681	11465	6216
cluster_2	5	2020-03-04t14-27-25z_m35_kernel_93_number_of_sequence_6190	2	5.37	5.41	5.44	28907	6190	22717
cluster_2	2	2020-03-04t14-27-25z_m195_kernel_520_number_of_sequence_14102	2020-03-04t14-27-25z_m197_kernel_523_number_of_sequence_8615	5.44	5.66	5.29	22717	14102	8615
cluster_2	13	2020-03-04t14-27-25z_m19_kernel_57_number_of_sequence_9348	2020-03-04t14-27-25z_m255_kernel_687_number_of_sequence_4677	4.02	3.96	4.53	14025	9348	4677
cluster_2	22	2020-03-04t14-27-25z_m114_kernel_300_number_of_sequence_12564	2020-03-04t14-27-25z_m172_kernel_462_number_of_sequence_9933	4.44	4.77	4.38	22497	12564	9933
cluster_2	47	2020-03-04t14-27-25z_m271_kernel_731_number_of_sequence_15587	35	4.62	3.17	4.94	144913	15587	129326
cluster_2	35	2020-03-04t14-27-25z_m294_kernel_797_number_of_sequence_8253	31	4.94	5.88	4.94	129326	8253	121073
cluster_2	31	27	30	4.94	5.21	4.29	121073	99461	21612
cluster_2	27	2020-03-04t14-27-25z_m184_kernel_487_number_of_sequence_3841	19	5.21	5.17	5.27	99461	3841	95620
cluster_2	19	2020-03-04t14-27-25z_m292_kernel_788_number_of_sequence_10857	18	5.27	4.78	5.44	95620	10857	84763
cluster_2	18	2020-03-04t14-27-25z_m141_kernel_356_number_of_sequence_9762	14	5.44	5.95	5.43	84763	9762	75001
cluster_2	14	2020-03-04t14-27-25z_m136_kernel_346_number_of_sequence_12620	10	5.43	4.86	5.65	75001	12620	62381
cluster_2	10	7	9	5.65	5.98	5.59	62381	24194	38187
cluster_2	9	2020-03-04t14-27-25z_m82_kernel_215_number_of_sequence_5877	6	5.59	4.29	5.95	38187	5877	32310
cluster_2	6	2020-03-04t14-27-25z_m64_kernel_174_number_of_sequence_12165	1	5.95	5.41	6.55	32310	12165	20145
cluster_2	1	2020-03-04t14-27-25z_m256_kernel_689_number_of_sequence_7229	2020-03-04t14-27-25z_m26_kernel_70_number_of_sequence_12916	6.55	6.39	6.70	20145	7229	12916
cluster_2	7	2020-03-04t14-27-25z_m48_kernel_138_number_of_sequence_5122	3	5.98	6.46	5.99	24194	5122	19072
cluster_2	3	2020-03-04t14-27-25z_m100_kernel_264_number_of_sequence_10224	2020-03-04t14-27-25z_m123_kernel_319_number_of_sequence_8848	5.99	6.36	5.79	19072	10224	8848
cluster_2	30	2020-03-04t14-27-25z_m151_kernel_398_number_of_sequence_8797	2020-03-04t14-27-25z_m268_kernel_722_number_of_sequence_12815	4.29	4.65	4.48	21612	8797	12815
cluster_2	36	2020-03-04t14-27-25z_m304_kernel_827_number_of_sequence_16150	33	4.38	4.60	4.52	83209	16150	67059
cluster_2	33	12	29	4.52	5.26	4.45	67059	28188	38871
cluster_2	29	2020-03-04t14-27-25z_m262_kernel_707_number_of_sequence_10640	16	4.45	5.02	4.49	38871	10640	28231
cluster_2	16	2020-03-04t14-27-25z_m276_kernel_748_number_of_sequence_11283	15	4.49	4.80	4.58	28231	11283	16948
cluster_2	15	2020-03-04t14-27-25z_m193_kernel_511_number_of_sequence_9016	2020-03-04t14-27-25z_m297_kernel_801_number_of_sequence_7932	4.58	4.73	4.83	16948	9016	7932
cluster_2	12	2020-03-04t14-27-25z_m310_kernel_840_number_of_sequence_7648	11	5.26	5.47	5.41	28188	7648	20540
cluster_2	11	2020-03-04t14-27-25z_m153_kernel_402_number_of_sequence_11840	2020-03-04t14-27-25z_m179_kernel_477_number_of_sequence_8700	5.41	6.01	5.02	20540	11840	8700
cluster_2	53	44	46	4.51	4.63	4.66	151621	15463	136158
cluster_2	46	2020-03-04t14-27-25z_m286_kernel_770_number_of_sequence_11475	42	4.66	4.90	4.82	136158	11475	124683
cluster_2	42	34	37	4.82	4.58	5.14	124683	27557	97126
cluster_2	37	28	32	5.14	5.39	4.81	97126	79566	17560
cluster_2	32	2020-03-04t14-27-25z_m225_kernel_617_number_of_sequence_10758	2020-03-04t14-27-25z_m66_kernel_176_number_of_sequence_6802	4.81	4.43	6.30	17560	10758	6802
cluster_2	28	2020-03-04t14-27-25z_m148_kernel_384_number_of_sequence_6036	24	5.39	5.08	5.52	79566	6036	73530
cluster_2	24	2020-03-04t14-27-25z_m52_kernel_148_number_of_sequence_13048	23	5.52	5.96	5.55	73530	13048	60482
cluster_2	23	2020-03-04t14-27-25z_m200_kernel_534_number_of_sequence_11602	21	5.55	5.76	5.69	60482	11602	48880
cluster_2	21	17	20	5.69	5.40	6.34	48880	21601	27279
cluster_2	20	2020-03-04t14-27-25z_m245_kernel_670_number_of_sequence_14644	2020-03-04t14-27-25z_m267_kernel_720_number_of_sequence_12635	6.34	6.58	6.57	27279	14644	12635
cluster_2	17	2020-03-04t14-27-25z_m176_kernel_467_number_of_sequence_10686	2020-03-04t14-27-25z_m75_kernel_204_number_of_sequence_10915	5.40	5.65	5.57	21601	10686	10915
cluster_2	34	2020-03-04t14-27-25z_m263_kernel_708_number_of_sequence_11226	25	4.58	5.00	4.74	27557	11226	16331
cluster_2	25	2020-03-04t14-27-25z_m161_kernel_433_number_of_sequence_8983	2020-03-04t14-27-25z_m224_kernel_615_number_of_sequence_7348	4.74	4.82	5.27	16331	8983	7348
cluster_2	44	2020-03-04t14-27-25z_m101_kernel_265_number_of_sequence_6248	2020-03-04t14-27-25z_m160_kernel_430_number_of_sequence_9215	4.63	4.59	5.08	15463	6248	9215
cluster_2	45	2020-03-04t14-27-25z_m183_kernel_486_number_of_sequence_11749	2020-03-04t14-27-25z_m316_kernel_854_number_of_sequence_7331	4.29	4.55	4.67	19080	11749	7331
cluster_2	63	2020-03-04t14-27-25z_m115_kernel_303_number_of_sequence_8613	62	6.45	6.51	6.38	126645	8613	118032
cluster_2	62	59	61	6.38	6.85	4.36	118032	97863	20169
cluster_2	59	2020-03-04t14-27-25z_m168_kernel_446_number_of_sequence_7981	58	6.85	6.76	5.96	97863	7981	89882
cluster_2	58	2020-03-04t14-27-25z_m31_kernel_86_number_of_sequence_14821	52	5.96	5.76	5.45	89882	14821	75061
cluster_2	52	2020-03-04t14-27-25z_m252_kernel_680_number_of_sequence_7694	48	5.45	5.23	5.73	75061	7694	67367
cluster_2	48	8	41	5.73	7.09	4.35	67367	27971	39396
cluster_2	41	2020-03-04t14-27-25z_m238_kernel_644_number_of_sequence_7362	38	4.35	5.53	4.34	39396	7362	32034
cluster_2	38	2020-03-04t14-27-25z_m2_kernel_5_number_of_sequence_8632	26	4.34	4.35	4.65	32034	8632	23402
cluster_2	26	2020-03-04t14-27-25z_m33_kernel_88_number_of_sequence_11530	2020-03-04t14-27-25z_m79_kernel_210_number_of_sequence_11872	4.65	4.70	5.03	23402	11530	11872
cluster_2	8	2020-03-04t14-27-25z_m154_kernel_405_number_of_sequence_9159	4	7.09	6.81	7.42	27971	9159	18812
cluster_2	4	2020-03-04t14-27-25z_m194_kernel_513_number_of_sequence_11238	2020-03-04t14-27-25z_m210_kernel_562_number_of_sequence_7574	7.42	7.30	7.94	18812	11238	7574
cluster_2	61	2020-03-04t14-27-25z_m293_kernel_790_number_of_sequence_5629	2020-03-04t14-27-25z_m8_kernel_21_number_of_sequence_14540	4.36	5.63	4.43	20169	5629	14540
cluster_20	1	2020-03-04t14-27-25z_m175_kernel_466_number_of_sequence_12402	2020-03-04t14-27-25z_m62_kernel_171_number_of_sequence_6555	4.36	4.78	5.46	18957	12402	6555
cluster_21	1	2020-03-04t14-27-25z_m145_kernel_371_number_of_sequence_14518	2020-03-04t14-27-25z_m3_kernel_6_number_of_sequence_5269	3.86	4.26	4.99	19787	14518	5269
cluster_24	1	2020-03-04t14-27-25z_m170_kernel_451_number_of_sequence_6565	2020-03-04t14-27-25z_m291_kernel_784_number_of_sequence_8270	3.66	4.50	4.33	14835	6565	8270
cluster_27	1	2020-03-04t14-27-25z_m102_kernel_266_number_of_sequence_1637	2020-03-04t14-27-25z_m186_kernel_492_number_of_sequence_1572	2.22	2.47	2.81	3209	1637	1572
cluster_28	1	2020-03-04t14-27-25z_m178_kernel_475_number_of_sequence_11771	2020-03-04t14-27-25z_m229_kernel_625_number_of_sequence_9753	4.57	3.90	5.88	21524	11771	9753
cluster_29	1	2020-03-04t14-27-25z_m182_kernel_483_number_of_sequence_9967	2020-03-04t14-27-25z_m299_kernel_806_number_of_sequence_8504	3.96	4.38	4.16	18471	9967	8504
cluster_3	18	16	17	3.14	3.43	2.52	178913	15579	163334
cluster_3	17	2020-03-04t14-27-25z_m55_kernel_153_number_of_sequence_6756	15	2.52	3.97	2.53	163334	6756	156578
cluster_3	15	2020-03-04t14-27-25z_m209_kernel_555_number_of_sequence_12332	14	2.53	2.33	2.65	156578	12332	144246
cluster_3	14	2020-03-04t14-27-25z_m110_kernel_284_number_of_sequence_14441	13	2.65	4.42	2.59	144246	14441	129805
cluster_3	13	9	12	2.59	1.99	3.00	129805	24822	104983
cluster_3	12	7	11	3.00	4.08	2.97	104983	32566	72417
cluster_3	7	2020-03-04t14-27-25z_m171_kernel_456_number_of_sequence_14636	1	4.08	4.45	4.25	32566	14636	17930
cluster_3	1	2020-03-04t14-27-25z_m126_kernel_329_number_of_sequence_7530	2020-03-04t14-27-25z_m164_kernel_439_number_of_sequence_10400	4.25	4.73	4.30	17930	7530	10400
cluster_3	11	5	10	2.97	3.44	3.02	72417	28729	43688
cluster_3	10	2020-03-04t14-27-25z_m43_kernel_111_number_of_sequence_10005	6	3.02	3.23	3.26	43688	10005	33683
cluster_3	6	2020-03-04t14-27-25z_m116_kernel_305_number_of_sequence_6548	3	3.26	2.93	3.55	33683	6548	27135
cluster_3	3	2020-03-04t14-27-25z_m59_kernel_166_number_of_sequence_8964	2	3.55	3.81	3.74	27135	8964	18171
cluster_3	2	2020-03-04t14-27-25z_m181_kernel_480_number_of_sequence_8643	2020-03-04t14-27-25z_m220_kernel_600_number_of_sequence_9528	3.74	3.65	4.26	18171	8643	9528
cluster_3	5	2020-03-04t14-27-25z_m305_kernel_830_number_of_sequence_14608	4	3.44	3.86	3.47	28729	14608	14121
cluster_3	4	2020-03-04t14-27-25z_m231_kernel_629_number_of_sequence_10591	2020-03-04t14-27-25z_m278_kernel_751_number_of_sequence_3530	3.47	3.87	3.02	14121	10591	3530
cluster_3	9	2020-03-04t14-27-25z_m191_kernel_507_number_of_sequence_12697	8	1.99	1.89	2.61	24822	12697	12125
cluster_3	8	2020-03-04t14-27-25z_m270_kernel_727_number_of_sequence_4725	2020-03-04t14-27-25z_m74_kernel_203_number_of_sequence_7400	2.61	3.44	2.65	12125	4725	7400
cluster_3	16	2020-03-04t14-27-25z_m253_kernel_683_number_of_sequence_8235	2020-03-04t14-27-25z_m318_kernel_859_number_of_sequence_7344	3.43	4.15	3.48	15579	8235	7344
cluster_30	1	2020-03-04t14-27-25z_m1_kernel_1_number_of_sequence_1840	2020-03-04t14-27-25z_m70_kernel_187_number_of_sequence_1433	2.58	2.94	3.16	3273	1840	1433
cluster_34	1	2020-03-04t14-27-25z_m287_kernel_776_number_of_sequence_11654	2020-03-04t14-27-25z_m317_kernel_855_number_of_sequence_3539	3.59	4.46	3.02	15193	11654	3539
cluster_4	1	2020-03-04t14-27-25z_m162_kernel_434_number_of_sequence_6452	2020-03-04t14-27-25z_m212_kernel_565_number_of_sequence_8914	5.31	5.56	5.48	15366	6452	8914
cluster_41	1	2020-03-04t14-27-25z_m58_kernel_158_number_of_sequence_11658	2020-03-04t14-27-25z_m9_kernel_22_number_of_sequence_8273	3.57	4.75	3.93	19931	11658	8273
cluster_42	1	2020-03-04t14-27-25z_m127_kernel_331_number_of_sequence_5427	2020-03-04t14-27-25z_m217_kernel_588_number_of_sequence_5855	3.60	2.93	3.49	11282	5427	5855
cluster_43	1	2020-03-04t14-27-25z_m221_kernel_601_number_of_sequence_5549	2020-03-04t14-27-25z_m87_kernel_240_number_of_sequence_2398	3.34	4.17	3.52	7947	5549	2398
cluster_5	19	2020-03-04t14-27-25z_m273_kernel_741_number_of_sequence_13343	18	5.90	4.52	6.01	192555	13343	179212
cluster_5	18	2020-03-04t14-27-25z_m272_kernel_736_number_of_sequence_10683	17	6.01	5.74	6.07	179212	10683	168529
cluster_5	17	2020-03-04t14-27-25z_m142_kernel_358_number_of_sequence_8490	16	6.07	5.95	6.05	168529	8490	160039
cluster_5	16	13	15	6.05	6.28	3.91	160039	95497	64542
cluster_5	13	2020-03-04t14-27-25z_m44_kernel_115_number_of_sequence_8285	9	6.28	7.08	6.36	95497	8285	87212
cluster_5	9	5	8	6.36	5.71	6.42	87212	22915	64297
cluster_5	5	2020-03-04t14-27-25z_m285_kernel_769_number_of_sequence_11655	2020-03-04t14-27-25z_m37_kernel_95_number_of_sequence_11260	5.71	5.99	6.39	22915	11655	11260
cluster_5	8	3	7	6.42	6.74	6.01	64297	35670	28627
cluster_5	3	1	2	6.74	7.29	7.10	35670	17804	17866
cluster_5	2	2020-03-04t14-27-25z_m249_kernel_675_number_of_sequence_8898	2020-03-04t14-27-25z_m250_kernel_676_number_of_sequence_8968	7.10	7.43	7.55	17866	8898	8968
cluster_5	1	2020-03-04t14-27-25z_m149_kernel_389_number_of_sequence_10748	2020-03-04t14-27-25z_m169_kernel_450_number_of_sequence_7056	7.29	7.38	8.00	17804	10748	7056
cluster_5	7	2020-03-04t14-27-25z_m240_kernel_649_number_of_sequence_8108	6	6.01	6.43	6.39	28627	8108	20519
cluster_5	6	2020-03-04t14-27-25z_m155_kernel_406_number_of_sequence_12618	2020-03-04t14-27-25z_m296_kernel_799_number_of_sequence_7901	6.39	6.87	7.05	20519	12618	7901
cluster_5	15	12	14	3.91	3.96	4.68	64542	40983	23559
cluster_5	12	2020-03-04t14-27-25z_m111_kernel_286_number_of_sequence_9209	11	3.96	3.75	4.38	40983	9209	31774
cluster_5	11	2020-03-04t14-27-25z_m54_kernel_151_number_of_sequence_13482	10	4.38	4.40	5.20	31774	13482	18292
cluster_5	10	2020-03-04t14-27-25z_m201_kernel_538_number_of_sequence_9956	2020-03-04t14-27-25z_m320_kernel_867_number_of_sequence_8336	5.20	6.50	4.91	18292	9956	8336
cluster_5	14	2020-03-04t14-27-25z_m134_kernel_339_number_of_sequence_9493	4	4.68	5.50	5.01	23559	9493	14066
cluster_5	4	2020-03-04t14-27-25z_m239_kernel_646_number_of_sequence_9243	2020-03-04t14-27-25z_m81_kernel_214_number_of_sequence_4823	5.01	5.06	5.94	14066	9243	4823
cluster_51	1	2020-03-04t14-27-25z_m326_kernel_742_number_of_sequence_319	2020-03-04t14-27-25z_m84_kernel_228_number_of_sequence_820	3.64	4.76	4.07	1139	319	820
cluster_56	1	2020-03-04t14-27-25z_m103_kernel_267_number_of_sequence_3168	2020-03-04t14-27-25z_m97_kernel_259_number_of_sequence_1647	2.75	3.07	4.02	4815	3168	1647
cluster_57	1	2020-03-04t14-27-25z_m144_kernel_368_number_of_sequence_6601	2020-03-04t14-27-25z_m282_kernel_759_number_of_sequence_4640	2.84	2.61	2.76	11241	6601	4640
cluster_59	1	2020-03-04t14-27-25z_m108_kernel_279_number_of_sequence_1145	2020-03-04t14-27-25z_m152_kernel_401_number_of_sequence_1050	3.25	3.91	4.06	2195	1145	1050
cluster_6	2	2020-03-04t14-27-25z_m222_kernel_604_number_of_sequence_3306	1	3.20	3.38	2.73	7536	3306	4230
cluster_6	1	2020-03-04t14-27-25z_m20_kernel_58_number_of_sequence_3048	2020-03-04t14-27-25z_m232_kernel_630_number_of_sequence_1182	2.73	2.69	3.74	4230	3048	1182
cluster_62	1	2020-03-04t14-27-25z_m165_kernel_440_number_of_sequence_1543	2020-03-04t14-27-25z_m80_kernel_211_number_of_sequence_4230	4.15	4.43	4.98	5773	1543	4230
cluster_63	1	2020-03-04t14-27-25z_m122_kernel_318_number_of_sequence_5506	2020-03-04t14-27-25z_m202_kernel_540_number_of_sequence_7296	3.35	3.61	4.42	12802	5506	7296
cluster_64	1	2020-03-04t14-27-25z_m177_kernel_468_number_of_sequence_9637	2020-03-04t14-27-25z_m189_kernel_500_number_of_sequence_10227	3.56	4.08	4.88	19864	9637	10227
cluster_7	4	2020-03-04t14-27-25z_m95_kernel_252_number_of_sequence_12175	3	5.30	4.75	6.08	44468	12175	32293
cluster_7	3	2020-03-04t14-27-25z_m61_kernel_170_number_of_sequence_7481	2	6.08	6.51	6.52	32293	7481	24812
cluster_7	2	2020-03-04t14-27-25z_m41_kernel_107_number_of_sequence_9254	1	6.52	7.78	5.95	24812	9254	15558
cluster_7	1	2020-03-04t14-27-25z_m24_kernel_67_number_of_sequence_7001	2020-03-04t14-27-25z_m275_kernel_747_number_of_sequence_8557	5.95	6.65	6.68	15558	7001	8557
cluster_74	1	2020-03-04t14-27-25z_m121_kernel_316_number_of_sequence_4744	2020-03-04t14-27-25z_m85_kernel_236_number_of_sequence_12391	5.44	7.41	6.01	17135	4744	12391
cluster_8	3	2020-03-04t14-27-25z_m314_kernel_849_number_of_sequence_8376	2	3.23	3.46	3.10	16989	8376	8613
cluster_8	2	2020-03-04t14-27-25z_m23_kernel_66_number_of_sequence_1076	1	3.10	2.98	3.41	8613	1076	7537
cluster_8	1	2020-03-04t14-27-25z_m205_kernel_546_number_of_sequence_2938	2020-03-04t14-27-25z_m88_kernel_241_number_of_sequence_4599	3.41	3.82	3.87	7537	2938	4599
cluster_87	1	2020-03-04t14-27-25z_m289_kernel_782_number_of_sequence_14563	2020-03-04t14-27-25z_m32_kernel_87_number_of_sequence_4714	4.73	4.69	5.74	19277	14563	4714
cluster_9	1	2020-03-04t14-27-25z_m188_kernel_498_number_of_sequence_1395	2020-03-04t14-27-25z_m298_kernel_805_number_of_sequence_1073	2.67	3.08	2.80	2468	1395	1073
cluster_91	1	2020-03-04t14-27-25z_m105_kernel_274_number_of_sequence_1126	2020-03-04t14-27-25z_m203_kernel_541_number_of_sequence_1977	2.98	3.09	3.16	3103	1126	1977
